837046
300637
301129
300046
300069
301361
300290
300313
300215
300956
300670
300040
300481
688226
300671
688319
300880
301106
300680
688102
688426
300932
300697
300293
002501
300514
600969
603105
603068
002843
603097
600501
600171
002719
002395
600101
603530
600719
601020
001376
600505
002382
000767
600744
600868
300779
300576
301012
300301
003026
300141
300555
600531
300153
300982
430139
300582
300933
301192
301179
300623
871396
600843
300402
300554
870299
600644
300672
300010
301162
300500
002927
833580
000875
300831
301468
600331
600575
300814
600301
300220
603332
000881
300183
301046
001896
300882
000722
600726
603069
300830
688391
300613
300963
600338
000889
300056
301120
301566
002280
605186
002893
002970
301117
600396
300489
002289
002922
300444
300712
000777
003043
600733
000520
300881
688068
002052
301489
000752
300277
601118
601028
002800
300419
002564
300922
300762
834062
002157
605598
300004
603766
688270
688378
831175
300222
603619
300572
300286
605162
688517
301289
600543
300162
002857
300696
300106
300617
300713
002886
002021
300265
601933
000007
603595
301319
002487
688717
002290
601226
301295
301369
002655
688206
688337
300706
836149
000966
688272
000791
002339
000862
603363
300480
688126
603650
300656
600895
000426
603005
301178
688549
300708
002606
603416
002630
000960
600207
603969
301137
301348
002519
300093
300335
600889
831278
605090
835179
603880
300700
300893
001286
300102
430418
000809
688052
301528
300042
600758
000962
000539
688611
600725
002112
300682
872190
688143
002114
603988
002155
301439
300092
300722
834770
301517
002785
000603
300427
300053
601919
605117
002889
301272
600021
837821
000430
605123
301390
003035
301063
002124
839167
300018
871634
601096
600869
002986
600935
002875
000037
300474
688268
002227
688110
300365
300062
301082
300876
000564
430564
300191
300283
600821
600976
300074
605167
301070
300518
301232
688046
301226
300398
688280
603727
300077
873305
430556
300317
000591
600780
002156
002802
300757
300172
300342
300483
688173
600130
688667
301386
300337
001289
873001
000899
300775
300491
300083
688500
603131
301366
600734
834639
688502
601985
300827
688593
603191
833575
300684
002149
002828
301155
300275
300129
688182
300688
002438
001299
000537
688695
601872
688331
300084
301456
688399
603009
300051
000155
300139
002716
301548
600995
600769
600121
003031
000993
002387
301291
301023
603861
001270
605580
601117
831689
603320
600468
002654
301005
688512
002090
688699
300407
603893
603788
001258
688362
600962
002213
871263
688109
688233
002531
300614
000922
002452
000637
688286
600550
002842
688172
601088
002256
872953
300510
000615
000060
002819
300458
300720
301115
688508
002851
688330
301127
000796
002246
001316
300540
600163
300758
600509
688036
300853
688315
688003
000751
603838
600026
601022
688685
300573
600446
688385
002264
838810
600905
301180
600265
002366
300164
301389
600759
002039
002801
430425
603809
300721
300395
300756
002300
301362
002977
300179
300105
605589
601016
002025
600268
002428
688589
600961
688123
872541
002708
605011
002298
605060
300710
002207
300628
688237
001333
601918
688239
002350
001210
688719
300120
601619
000863
603070
688062
603269
688262
831167
688380
603333
603725
688248
300990
603291
000908
688283
833781
301266
603173
600497
301086
600525
603618
688212
000533
300381
301021
833171
300648
603193
300127
002569
600095
601600
832225
688235
000531
002479
600674
603950
601857
002079
002943
605086
603458
600892
301589
600310
300681
003816
301170
600025
300471
000768
600982
688372
301097
601609
301357
600834
300341
601958
000552
300901
301278
300811
000584
688107
838402
300569
605286
301141
301338
831906
300892
002121
301040
873726
833455
688418
839790
603163
688261
002758
600638
600276
605028
000151
002026
300677
688334
603036
600938
600379
603693
301388
601975
600593
688663
603078
300513
688314
300603
600490
833030
600558
605368
002983
601616
600877
001332
833454
688259
002346
603717
002162
603829
600028
600032
603655
002616
603970
300241
831445
000601
603080
688066
301428
688155
002822
000023
600971
300745
688693
000883
300205
834058
002015
002996
600375
688161
300340
873576
300200
600292
002749
601225
300423
688689
002721
300236
831834
831856
300724
603283
000723
600777
301099
002378
002638
300862
300655
300761
300262
834950
600886
688386
835985
301529
301317
600408
300320
300443
601500
834765
688300
300373
688627
301159
601700
688728
833509
603033
300731
688135
301500
603779
300667
002542
601009
688503
000571
836675
000958
688166
001965
688475
838670
600980
000655
600459
002778
002270
688551
873122
600116
002884
688167
000593
603507
688443
872374
002063
002202
600893
833523
301068
002154
300797
300552
002077
688578
603665
688489
603527
835640
605133
300184
688048
688090
688722
601666
300887
002471
002480
300490
300456
600212
603129
688077
601139
000670
603132
600760
300455
603058
002059
000697
688668
688320
600189
003029
688676
688185
688012
600316
688698
301229
688325
600530
002401
600900
688121
002122
002660
688091
688539
836422
600348
600075
603398
300140
300992
000878
301026
002544
688659
600617
600989
603706
600916
002327
601898
600925
688563
002399
605166
603556
600605
603031
002171
300223
600149
300523
600549
605358
836871
872392
002578
603223
831726
603086
603602
688190
873593
601212
600114
688192
300977
600641
600343
000915
300199
605588
002267
688620
603577
603327
688510
688432
832978
688351
688310
301186
601061
600520
605009
301339
300466
839725
000948
301333
688266
000738
688209
603177
601595
838163
601069
603277
000708
836957
000547
603901
002322
002249
000096
300812
002724
603166
000758
000690
301062
601669
600236
603931
688416
301135
301382
300298
832149
605111
002617
600460
002007
688458
600084
301095
836717
430510
002534
603055
002546
688550
601611
688147
600985
600499
688028
688768
603933
002813
605066
002674
002692
688178
600667
000737
002358
000630
688691
688409
601166
002255
600078
300962
688186
300813
000807
300173
835670
001330
838971
831305
300898
831768
300512
002150
833914
688616
603179
830839
601121
300961
601168
001337
600482
600979
688621
002935
300870
600098
688131
839371
001331
833533
301048
688591
600337
600538
601222
002953
600863
601179
688282
688513
002885
600206
003008
601969
688196
300131
003039
688345
300538
830946
300328
002911
300467
688390
688148
603559
300850
002318
002449
600599
688597
603119
871753
600039
002237
688633
603169
301268
688122
300319
002086
603979
002554
688252
605080
300353
002169
300550
873665
688592
002816
002408
871642
600323
000534
002870
300833
002581
688652
301093
300487
300940
002451
839792
000969
300501
002587
601128
688022
000563
000852
300165
600118
830964
833427
873223
600917
688051
002050
688184
601991
600367
002371
603666
603117
837006
002576
002364
601001
834033
873690
688253
000021
603209
603819
603085
600395
002920
603318
301043
600071
600866
688660
002614
600578
688311
300772
000968
688603
301158
600426
601018
001387
002049
832566
603393
688520
832735
688200
600903
600745
600452
300384
600058
300763
002498
603986
836419
002223
603787
002978
300429
688766
600007
688299
301550
002532
301526
002608
831010
600973
688478
836433
688049
873833
000688
600805
873703
601288
688290
603050
600202
002196
300558
300650
870656
600151
688215
300593
300176
300796
603669
002748
836807
002420
300717
603100
002483
600188
300969
832786
600362
000999
600576
300048
688401
603897
002119
301122
600901
002765
603628
688035
600795
601877
601398
870866
600237
002941
688075
301109
688357
688711
300726
601169
300817
688392
300522
002876
600875
688557
688101
688523
832171
300447
000600
000978
688230
603759
600096
301306
688199
002394
300716
688570
300549
000027
002091
688608
002980
688584
603275
601369
300346
002441
600456
600398
688558
688548
688681
000923
300497
001326
839273
600783
301322
871245
603520
002782
002823
600461
300937
688348
000888
601865
600584
600703
300743
002053
688601
688665
870976
301320
873679
300101
002850
002867
688332
300454
300685
601689
002709
002518
300492
873570
300652
301050
600259
688103
001373
688019
002415
688073
301219
000733
603606
920002
872931
839680
838275
837663
836260
836208
834682
834475
833943
833266
832802
832419
832000
831961
831855
831641
831370
830832
830809
830799
688692
688575
688555
688377
688327
688247
688238
688086
605399
603996
603993
603977
603603
603587
603583
603555
603486
603421
603399
603361
603348
603220
603157
603133
603088
603067
601939
601866
601727
601686
601618
601568
601558
601299
601268
601258
601033
600991
600978
600899
600896
600891
600890
600878
600870
600860
600856
600854
600852
600849
600842
600840
600832
600823
600813
600806
600799
600788
600786
600781
600772
600767
600766
600762
600752
600747
600729
600723
600721
600710
600709
600701
600700
600695
600687
600680
600679
600677
600672
600670
600669
600659
600656
600652
600647
600646
600634
600632
600631
600627
600625
600614
600607
600591
600555
600553
600532
600485
600472
600466
600432
600406
600401
600397
600393
600385
600357
600317
600311
600306
600296
600291
600290
600286
600282
600275
600270
600263
600260
600253
600250
600247
600242
600240
600213
600209
600205
600181
600175
600157
600152
600146
600145
600139
600122
600102
600094
600093
600092
600091
600090
600087
600086
600077
600074
600069
600068
600065
600019
600005
600003
600002
600001
600000
301392
301327
300799
300784
300742
300630
300627
300526
300495
300431
300414
300392
300372
300367
300362
300356
300336
300330
300325
300312
300309
300297
300282
300273
300247
300216
300206
300202
300186
300185
300178
300156
300128
300116
300104
300090
300089
300064
300038
300028
300023
002951
002868
002781
002776
002770
002751
002740
002711
002699
002684
002680
002676
002648
002619
002618
002604
002561
002509
002504
002503
002499
002477
002473
002464
002459
002450
002447
002433
002417
002411
002383
002359
002308
002260
002220
002218
002160
002153
002151
002147
002143
002118
002113
002089
002087
002075
002071
002070
002024
002018
002013
002005
002002
001872
000996
000979
000976
000961
000957
000956
000939
000918
000916
000866
000835
000832
000827
000817
000806
000805
000787
000780
000769
000765
000763
000760
000748
000732
000730
000711
000699
000693
000692
000689
000687
000675
000673
000671
000667
000666
000662
000660
000658
000653
000621
000618
000616
000613
000611
000606
000602
000594
000592
000588
000587
000585
000583
000578
000569
000562
000556
000554
000549
000542
000540
000535
000527
000522
000515
000511
000508
000502
000418
000416
000413
000412
000410
000406
000405
000150
000056
000047
000046
000040
000038
000033
000024
000018
000015
000013
000005
000003
601628
300567
688087
688016
300545
688981
603365
688181
601808
605365
688798
300751
688682
601717
002557
600489
002879
688595
300007
002845
002407
688220
688333
600773
688308
603690
600416
688162
688021
603053
000429
603515
300615
300409
300025
688586
000975
688533
603899
603689
600956
002759
600011
300818
688819
688381
603153
430476
688177
830879
688008
832876
002140
300611
600612
300701
301418
688579
601838
872895
601698
600089
600346
688258
600865
601998
002730
603915
002580
600582
601328
831087
301301
300842
000925
600428
300435
300219
603305
603578
603315
002439
000795
002718
002700
601126
601997
300332
300196
603007
838837
301160
600018
688146
603052
605128
603189
000516
688349
300935
000811
600588
300011
600483
832278
688480
600198
688556
001212
000932
688496
002537
601158
301215
002538
300224
688234
300123
601366
002514
605008
831152
300507
688289
002184
603429
000568
688225
300517
300479
300473
002380
688677
688396
600590
600803
600196
601012
688105
001205
000581
603171
603213
002736
002832
837344
603061
688257
600919
002766
688307
688618
600507
603799
600405
600105
603722
600391
300985
003009
603728
300103
603121
600295
000955
688709
000859
300981
001301
600589
300839
301000
603180
300080
002737
871553
002034
603045
600785
838171
300998
002993
688202
600660
300791
688352
601083
300585
601006
600562
603063
301080
836826
000572
688010
600138
831304
300875
603703
300660
603351
688353
603908
300910
688788
002367
301112
002841
002973
603588
600598
600546
688389
688560
600798
834407
600817
688623
000428
002033
300360
430489
002560
002379
600595
601019
688222
000407
301168
002821
603939
600519
833873
688459
001324
600008
000629
002043
001287
688218
603685
600983
688455
002658
600626
002824
300145
688448
601778
000586
688298
002203
001380
688006
838701
835184
000831
838924
300885
300820
300122
605005
688273
300816
831195
003019
603379
688653
600111
000937
603136
688387
000901
300787
601229
601388
001203
603568
600262
688111
600750
603259
300964
603738
688590
688169
000766
603489
300642
688619
301197
688543
688358
000762
603488
601658
301096
603985
605016
601106
603806
600551
600475
603992
601077
002296
605378
603698
688041
000415
603677
301035
603071
000507
002971
301536
603167
002627
001311
000921
600517
832145
300502
300296
300134
000039
002252
300421
603886
603590
600226
600808
000898
836077
601330
002859
300760
000518
688114
603270
600352
003000
688137
688099
600753
002506
002080
000755
832175
600642
603289
600815
300065
601827
002278
688373
600345
002340
870436
688085
300959
000709
000538
301101
688382
600182
300019
002549
600309
603301
002594
300668
688403
688350
600968
688281
836270
603633
603218
688528
601699
688355
002320
000717
688303
600583
300661
300177
603983
688276
600054
000988
601567
300589
600051
002353
603585
600332
688195
300588
688656
688588
002738
430300
300659
600926
002200
002917
873152
002733
600897
600123
688322
002533
600377
002516
002936
002482
300855
603041
830779
688163
600681
300790
688379
300187
600219
836504
600698
603906
603786
873169
002731
873527
300331
688469
600419
003028
688488
300824
605178
300033
301290
300440
300725
001318
839946
601601
300849
603197
300045
300565
002301
603701
300768
688275
301203
688267
600320
600150
300793
603353
603387
300730
600559
002445
300952
603039
300945
688529
600620
300782
001236
870508
600814
600495
002282
688553
836942
603111
000792
300114
836414
833751
603255
600941
300983
002840
300936
300057
002137
301559
600569
600363
688658
832491
835237
831832
688786
601015
600033
300391
301130
600030
600298
603113
688359
301280
603360
300863
002726
603309
002177
601869
001269
688030
688055
002992
832110
833819
688301
002856
688400
601065
688269
301511
835857
301033
300091
603658
000059
300099
600585
688175
601818
601218
002185
001266
300604
603303
603037
603011
301059
002414
836892
601326
300376
605098
301227
300733
600650
688669
601908
600168
603565
300802
002351
300770
002245
002593
603639
002046
000726
603235
301208
002312
603172
600232
600548
600888
301269
603501
002173
002847
603090
300138
600010
002135
688128
600628
832089
000550
688606
603800
000848
300809
603115
301200
002214
603089
605369
835185
603344
430198
301222
300399
300520
000909
002653
301047
603272
600740
002497
600581
002190
000400
873339
601988
002293
000598
300800
872925
601368
600378
688302
603656
603199
002644
300369
601615
300978
301259
301283
000720
300835
001283
002672
002224
301265
873167
600635
600366
002763
603076
301413
300068
601098
002651
002054
601003
601577
600770
000045
000880
002444
605208
601798
600855
600365
837403
301315
600977
600217
300449
688799
002757
001213
002811
300929
002507
600289
301305
600469
688366
000408
301286
605018
688020
600015
601000
002434
600688
600297
001207
000049
603833
600522
688002
600333
600221
833394
002195
002633
837242
000599
002552
600382
301393
000830
300795
300468
601825
600997
688625
603867
300866
688767
600155
688130
688277
301053
600186
002598
605337
300450
000636
600085
832651
600435
300904
002334
603815
600115
002689
688686
600361
603127
601177
300231
000833
002048
000686
688216
601607
002221
688680
000065
000423
688776
002589
300537
605151
300864
600113
601318
603680
002178
601566
688151
301397
600307
000633
300938
603995
600864
002500
688582
600369
300953
002601
300478
870199
600706
600004
300525
605118
600350
688129
688265
002014
301078
601066
002311
601113
000544
002295
300618
000983
600022
002773
000778
000713
600251
600061
688296
601311
600796
300228
300539
600508
300420
002488
300302
002040
603529
601579
000895
002675
002921
002825
300142
603776
600756
600166
834599
300436
002690
002182
600800
300693
688179
002484
688468
002253
002810
002903
601298
300631
300482
688576
601899
300683
300595
301538
300055
000333
002110
839729
832885
603109
600126
871478
605296
688180
600479
600999
301303
002623
836221
002419
002263
300984
300878
002283
873806
603256
601279
300625
002933
831396
301378
839719
688707
000776
301498
600055
002376
836961
605169
300752
300195
000617
000970
002345
002643
002573
000035
605376
000651
300803
688058
300037
600755
600887
688737
688285
002004
601236
601200
002880
300081
688211
600515
600192
002029
688236
601688
003013
300838
688312
605507
000159
688800
002642
600717
002673
600036
600339
835892
000036
000548
603013
000513
600390
000902
834021
603707
000816
600299
300815
001696
688088
688581
836720
600739
688622
601868
002656
002629
002125
603212
836395
301102
603339
300333
002405
600526
300349
300869
300643
605499
003022
002960
002389
603099
301267
600988
603889
002287
301166
300271
002664
001306
600547
600178
000727
601377
601555
300278
688506
603006
301587
002529
002372
603201
001223
688339
603135
688428
600218
603160
603386
003042
300999
603181
688484
600246
600570
833075
835368
688187
300859
300378
002056
605566
688636
603922
605258
300460
002266
002044
000750
688050
603237
002461
301028
002352
002624
688370
688271
002979
600184
002326
605318
300014
301072
300942
600403
600399
000001
002028
688538
300553
301377
000623
002888
605599
688793
002515
300389
430017
600081
601665
688076
603198
601816
300390
603308
688321
601608
603948
603062
002240
688317
600960
002540
001336
688408
603168
603208
603008
603505
688638
002020
002947
600958
000721
601916
600651
002003
600131
300363
603035
002697
600775
601127
603138
603713
001389
605108
300439
002304
603126
000911
605020
000757
300821
601766
603777
688037
000906
430685
002786
603182
600193
000912
603048
300445
300465
000561
601990
301216
300382
002065
000890
688536
600029
300557
300463
300248
600016
300180
600372
600433
002469
688425
600782
300366
300311
300303
300256
300095
002443
300723
600929
300888
002082
002057
600516
601678
688279
688395
688365
600327
600273
603162
301312
002551
603871
000025
000858
603158
601008
002109
002297
688347
002522
603380
000063
688521
836239
605222
002991
605055
301083
002714
603700
002550
603610
002545
002481
002818
603773
002101
000825
601156
300255
601399
300272
300035
300832
000062
605288
301051
002882
603107
300594
600927
300867
603456
300470
002836
688119
688080
688336
300070
000546
002906
600255
002385
603596
603059
603686
601162
603051
871694
688525
605300
002988
002460
603043
601198
002275
430478
836263
688127
605199
600816
000541
301067
002925
600663
600685
002390
688335
301090
688670
000913
600879
300193
002466
300021
688293
600176
600444
600909
600308
300279
002392
000967
600199
002204
688678
002381
002338
000802
603367
600871
300891
688018
300606
002722
601339
300939
300258
603299
600776
600594
300207
300847
603383
600125
002523
000166
600109
300017
300908
601319
600730
834014
001322
002409
603311
600987
002861
301085
603860
300694
600256
300030
002386
600056
688029
300718
002797
688617
603579
002274
002098
600616
002634
601375
871981
001208
603288
300750
688106
600715
600158
300059
300026
000582
001259
600918
300307
688718
601696
002768
600318
688139
603297
601965
601718
600838
002259
000731
300930
000557
300531
600038
603015
301126
002233
301525
603917
601002
600741
600707
002073
301273
603012
600271
600177
002877
002863
300769
688687
000089
688297
688150
002670
003040
688208
688026
600108
600872
601519
000596
600757
301042
603280
301302
688479
688063
002421
603662
600167
688098
300765
300347
603026
688203
600597
002591
603087
300707
600458
301036
603316
831039
300408
688039
000927
000605
002446
605116
601878
600536
300774
300971
600388
002176
002723
000650
001255
300689
002729
300154
688082
301335
300110
300246
001227
603708
688246
002402
832023
603122
601101
300472
300679
300676
002064
300928
600874
600481
301246
002321
603858
603093
601952
000652
300235
600990
688176
601390
600172
000566
300403
300861
830974
688096
002250
000409
603185
301207
603990
002908
002426
600906
000850
600269
002215
002975
300448
601702
603103
002930
688132
600676
600579
002706
603116
002035
837212
603758
002342
300946
688295
002747
000559
600436
002337
002732
002186
601228
600601
600231
002436
300488
301258
002807
000803
300739
300687
002583
300432
000728
603195
603730
600771
301235
600110
688569
002161
601668
600135
601966
300181
603028
300561
836547
600668
600261
002142
300441
300699
600420
301257
002038
002769
002901
002356
600392
000821
300666
301175
301149
300508
300146
002939
002860
688011
603855
002476
603500
002530
002440
002890
000900
000639
603203
300521
832522
603711
600713
600351
600810
688170
603998
600313
002306
002866
688518
603214
301370
301309
000505
605001
000987
603282
688231
000029
600754
688613
300858
688033
002600
002945
600568
300072
000959
603938
601888
002831
001225
300547
300034
002365
600809
834261
000576
603817
300798
600133
601777
002036
002129
300371
603206
301148
600050
300047
002926
600099
000523
688367
300889
000790
002001
300516
002961
000685
600389
601021
600523
300354
301263
002923
603919
002335
601890
000526
688013
003002
688188
301181
601238
002999
002258
000712
603866
603408
603324
688639
688249
002406
300015
601068
300157
603325
830896
603755
000661
003021
300085
002603
600080
600023
688466
000761
001308
002677
600156
300619
605003
600654
002701
688388
600354
688585
688375
002465
603823
001219
688118
002470
688100
300379
300001
002262
000782
688160
603065
600792
600572
300897
600986
000861
002126
688117
871970
002527
600749
300519
300082
603813
300036
002508
603123
600371
002762
000822
600793
600850
603982
000829
301469
301006
300575
688779
603612
601163
002950
603321
603290
605333
603001
002291
002349
603926
300579
600691
002631
688165
688306
300530
002462
003007
688567
002871
002017
000786
002158
300357
600203
301187
002189
603096
600187
002412
000703
301239
000997
600705
600197
301363
601996
601186
603797
600928
600847
300147
002910
600487
601108
002663
871857
002093
000019
300260
002752
600737
832662
600503
000610
300274
300239
300024
002362
002072
601995
600238
301003
600288
430718
300988
300259
002641
688001
301089
002932
600853
870357
002192
301065
300608
603390
600933
600637
600353
600476
301020
600012
600718
002609
002511
002058
002432
688255
601216
002268
688138
600908
600127
600429
003012
002164
000622
301163
002423
688505
002319
603798
603337
600300
000823
002448
600535
001309
603960
000788
300562
301138
301371
603239
601989
300872
002707
600967
600312
600153
001359
002008
600179
300170
002739
001358
300837
000567
000800
600368
601199
300639
300503
688116
603081
601880
600830
000759
000672
002612
300664
003005
000066
300597
688439
300263
000026
002377
000543
603676
603057
300348
002108
000933
600826
002957
301279
688113
301329
300996
603778
000910
002965
603110
688612
002728
002348
000797
002078
002907
300121
688610
600880
600328
301311
301177
300911
002579
000903
603519
600066
002521
605183
300375
605398
002892
003016
000963
000695
002422
605158
300609
603296
301081
000885
605298
002962
002492
000088
002745
688025
601089
601860
600602
002787
000050
301360
601107
300747
603307
688120
002032
600645
603589
688061
300907
002686
601360
300385
603101
600477
002559
688552
300504
300845
601010
600103
600052
300748
000417
601136
600284
600027
688376
000887
300601
300088
300355
000016
300810
300560
301355
002613
002134
300323
002317
300822
301119
300997
002990
603286
300318
000973
002881
002783
600106
603216
301234
603017
301398
300232
603682
603341
600335
600438
601099
002969
002022
600736
300749
000657
600841
600223
301201
300600
002045
600059
603687
688485
603196
002812
601208
600488
000565
601728
688197
601187
601211
601921
301308
300753
603331
600784
301060
300230
002632
603229
002276
003011
601518
600666
603883
300322
002796
002180
002691
603928
600528
601456
301161
600885
300690
300049
300039
600386
300066
603810
002727
600873
688778
688648
603801
688371
300485
300257
002092
600233
002006
605339
300950
002027
603630
001230
603217
600356
300759
600258
600955
002756
603688
301018
603040
002493
002115
605168
603683
003036
301188
600992
603328
300087
600824
837174
600053
603211
688133
300005
301356
002577
603661
002391
002639
603989
300657
688700
603385
600653
002239
000905
300244
301116
688561
002563
600615
300973
301196
300780
301108
301031
688007
300610
002998
000928
000068
601901
600624
002574
002510
603338
603233
870204
002236
603528
001319
300234
300605
002360
600410
002265
300834
600409
600180
301172
002132
000980
603887
600629
000678
300212
002734
301211
002041
833429
300404
000813
688531
300826
002966
600518
002566
300406
600216
603538
601512
002896
600380
603978
300316
300009
000930
600132
002659
000700
003015
002191
688292
600100
600867
603518
300144
603060
000411
603330
603278
603997
301011
600984
600613
600400
300425
000558
002139
688219
003006
301071
688739
603227
300249
301251
835579
002666
688383
600643
600560
603903
300377
300161
603757
300453
300268
600305
300245
002547
601788
002661
002474
600851
300168
603739
300003
002755
603629
601005
600791
301255
300884
300076
002649
300388
603366
603392
000877
002060
300175
002806
002772
833284
603150
600732
002539
002915
300493
002123
600833
002872
835305
301223
000756
002128
688429
301508
600608
603266
600848
300980
003041
603002
300925
603848
300358
600183
688651
605006
002582
002431
001222
603073
300527
300149
300957
002138
002605
002887
605555
002705
300665
000935
000612
002116
600422
301133
688328
301307
002891
688056
002575
002585
600587
000519
603192
300250
002430
002374
000869
600825
605305
300976
600120
601100
600751
000638
002725
002997
301310
605266
300334
000555
601633
688515
600063
300269
002622
000739
600621
603323
300578
600711
603516
600790
300559
002536
688361
600072
301118
002062
300570
600009
600664
002273
300380
603822
300851
600302
603605
603511
300783
600537
000157
688568
002083
600787
301330
002746
600148
688207
600731
000504
600655
600480
002592
002145
300698
300948
600859
688562
603881
600728
000812
000530
603200
002779
301015
000628
000421
301507
603106
603660
603165
300386
600079
002254
603888
300740
300895
002329
000985
300566
002232
605138
002363
600966
601789
600604
000990
688221
600586
002869
300326
002556
600959
600611
002958
688626
301233
600827
000498
002931
300705
000936
603936
300556
688599
601963
600500
002168
000012
301261
002848
600210
603733
300789
300112
603020
002418
603222
600279
001216
603496
601333
600227
603718
301225
300773
603856
300111
002687
600618
600248
002760
688198
600143
300622
300299
600662
000078
688053
688023
601059
003025
000301
688598
301111
000017
003030
300877
002294
603637
300828
688009
301218
300422
000810
600801
000989
301336
600694
600496
000627
000524
300584
688671
600267
300543
002183
603668
688112
002839
688278
688078
300169
301029
300253
688535
300416
603335
300653
601811
002590
300294
600797
300446
600129
688232
601800
688577
603909
600883
688205
688071
300580
300281
000048
600779
600623
688004
600566
605077
605058
600884
600502
601116
601881
600141
300658
000716
833346
605033
300393
301221
000753
873132
688609
002429
603678
603159
601011
002815
002199
300412
000570
000058
600818
002159
603056
300221
300686
002472
603679
605188
002396
301515
300958
600512
301103
300806
688580
603567
300965
688679
688213
300860
300771
605389
601111
600696
600278
002698
002226
603895
300136
603355
603156
300951
301176
002646
688251
002685
600630
300211
603808
300462
688158
300383
300305
301007
605338
603215
000632
000008
300801
000952
603186
002948
600241
300225
000837
688227
301372
603737
601599
000886
000818
300124
688420
301198
002852
002668
000545
300979
002393
000665
603369
002972
603659
601528
301373
300702
300583
300159
002586
300541
600846
603178
688772
002912
688472
300288
300413
300238
002553
600211
300532
601231
300598
603601
600360
002864
300457
002357
603230
603876
000950
000828
301285
603273
002597
603877
002662
002279
300691
605366
300993
300345
001368
300498
688326
002009
688313
600329
300529
000635
688368
301299
002209
688450
600764
300078
002175
000009
002205
600876
600285
600048
300695
603027
600491
002163
600738
000551
300143
688017
002104
300428
300304
600235
688032
300218
002984
300387
301358
688057
301183
300097
301293
603987
301292
300433
300852
000061
301010
002106
600358
300261
300400
300194
300086
002454
688318
002284
002117
000995
000501
600837
301408
300352
301509
600857
300113
300955
688787
002645
605488
002400
002370
001367
603681
605068
603586
600169
301125
301152
603811
601949
300166
301270
301056
603183
300032
002361
001314
300636
002144
603228
002068
688501
603137
688081
300711
688662
600807
300289
001234
688168
600794
002313
603004
600690
688288
002833
000783
003037
000919
603976
688157
600682
002753
002051
600315
300767
603599
300174
688083
605122
603102
600425
301298
002437
002136
688015
301075
600639
301520
002248
600993
001979
001206
000789
600493
002212
301132
603317
001211
430047
002061
600529
600819
000619
301228
600060
600894
002187
001379
300755
300438
603112
603155
300746
300424
603161
002010
000090
002456
600511
688305
603077
603025
003027
603238
301486
688690
300590
301262
002967
600768
002269
002148
000981
000055
000422
688089
002206
002767
300226
002774
688291
301349
600373
603768
688183
600573
002669
002373
600746
300426
600812
600104
002595
002795
301519
300926
300437
688079
600467
300674
300061
002799
002302
603638
688369
601038
002099
688069
300188
002899
600658
002512
000920
603358
300198
301379
002976
300534
600330
002695
000799
601007
002485
600861
002172
301231
600636
603615
688072
001296
603617
603378
600831
600017
002635
002491
002468
603029
603368
603313
603803
002636
605259
688393
002354
300741
600222
002397
002918
300546
600200
000681
300079
002243
603187
300906
603609
688125
603557
600963
001268
600577
001339
300943
002388
301107
301156
300709
300233
603279
831526
300115
002693
002683
600252
000668
603357
002835
000819
600195
688398
300602
600448
600170
300915
300486
002775
300819
600037
688065
002105
300511
688229
300807
301220
600678
300171
002194
000820
000030
002478
688509
002743
300896
688363
601999
835207
603912
300190
002628
600064
603600
601928
301387
301195
301087
600418
301359
600020
002667
000536
600423
001218
603098
002535
300846
002166
603980
300535
002588
688256
301206
002955
000682
605100
000798
688565
000419
301079
300591
603816
301421
301314
002679
000031
600370
300270
002788
600829
000998
300006
002228
002410
603375
002909
605099
300972
688210
601606
300921
000729
600820
301300
002703
300291
688067
600556
300599
002261
002777
688093
300804
603955
002066
688223
603949
002496
000069
601886
300673
002513
603139
002865
603281
002938
601828
600858
600552
603176
002107
300825
300098
002303
301367
600600
000683
837092
300410
605228
600185
002307
688566
600191
002817
605299
603937
600965
600673
603170
688571
688171
300339
002741
603258
301038
002571
000004
600845
002023
300968
600580
002717
002369
002102
300158
600610
603999
002344
000815
301139
600513
002219
002416
603188
002543
600540
688683
301396
000707
688628
837748
600567
600545
300276
002602
002131
301057
002657
603466
600596
603696
002011
600257
000597
002524
688092
605388
002995
872351
301193
300451
300370
603499
600249
002853
600939
002688
600603
688600
301210
600742
002829
000710
002715
301002
301098
603356
002696
605189
603232
002286
600571
603636
000158
301169
301088
600748
688153
300692
603648
300359
002453
300923
688005
000510
300663
002637
002069
300509
600229
688156
600765
600862
688697
002328
603219
002030
000509
300217
002216
605007
688433
000595
839493
300434
300405
002678
000826
300970
605319
688486
300986
301213
301512
001231
600208
300941
300344
600463
600498
688189
001278
300227
603818
603021
301296
688511
301313
002809
600287
600802
301281
002347
301395
002712
601233
301337
688356
603920
603667
603626
600981
600239
300126
002413
688309
000931
002179
300788
601188
002985
600097
301316
000532
301045
603326
601900
605089
002181
002791
300635
300338
603018
001288
300899
300651
000401
002849
603825
003018
603095
688516
301260
002299
000718
000735
300848
002855
000338
002174
300397
300043
000659
300596
002222
688097
600035
603276
603991
300645
300868
300577
003003
600882
300396
600057
300777
002694
600693
300016
600062
300214
603885
002331
002403
603536
603533
002987
300343
002084
603083
300808
688323
300280
300182
301022
002494
301199
001239
603130
600521
002989
600704
688141
301165
301030
300607
300678
000705
300071
002442
002225
002558
000626
301282
603896
300669
002193
603598
002088
002231
000715
603019
603075
002230
300551
300836
301066
300137
002820
002565
000020
300633
000965
300100
002792
301297
601858
688410
300626
000698
300854
300494
605179
002475
600303
002640
835174
301288
603359
000011
002384
002873
603916
300118
600648
603439
300192
603082
301365
688507
688435
603551
300285
601058
300587
600470
603517
600702
002963
600609
300264
603613
600811
002210
002858
603927
301256
003023
600970
603558
301276
002946
688338
603726
600720
002170
873706
301487
300715
300533
000893
603306
300119
300766
601086
600606
300201
002798
002486
001328
300634
000669
001323
002897
603611
002489
600190
688136
002919
301190
002838
688498
002572
300394
002625
001238
603267
000949
000402
301332
832982
301383
002368
300209
603396
603022
603859
300586
688716
300805
600633
300865
002940
300461
003038
605289
600839
000663
002238
002883
600835
600683
000034
301510
603918
002067
300401
605050
688201
002333
000553
688095
603716
601956
605081
301391
002111
872808
002584
688630
301052
605218
603956
000156
688456
301073
002241
688329
002626
003032
301069
300452
600640
300130
603322
300903
300058
000676
603010
600325
300314
002895
003001
300883
002837
002165
600283
002324
301055
688657
001260
301032
002130
603607
603697
300027
000892
603000
301185
300916
002735
000153
600789
002790
600449
002826
600006
002457
002916
601598
600722
301380
300841
600563
688646
300210
002652
600699
300829
002681
831627
300857
002103
600727
600272
300735
603236
603719
600486
000785
002862
603966
002495
002316
600828
301009
300918
002152
002235
688031
601968
300987
000010
001282
300823
300568
605500
002517
001256
600319
000856
002620
001267
000838
002271
002900
600076
605377
600355
603151
002019
603699
000868
300912
000607
603444
301503
603118
002928
000779
300022
002671
002047
300252
002913
300152
300054
002830
688159
688522
301153
000006
600763
002458
002956
835438
301568
001378
301136
000736
001229
002398
603329
688027
002596
300094
002942
002607
600070
600165
601155
600082
000929
300008
300624
600743
002555
603890
000404
301502
603878
688789
000679
002332
600455
688045
605177
002081
301092
301446
605180
001201
603869
603929
600527
002702
001298
000882
301238
603535
300620
300012
300417
688070
605577
300306
688115
600161
300002
603958
300213
000876
600280
002133
603312
002937
002211
300469
300871
000677
002567
002805
601133
838227
000691
600088
600716
600137
600778
603373
603336
300229
000573
300031
301041
600359
000719
601677
603016
603729
000403
600439
300150
002217
300109
000860
300856
600996
300327
603836
002490
603580
605196
605268
002097
002878
300515
300329
002355
300840
002467
002234
001217
000014
601138
603032
301105
605069
600881
600336
605287
300612
002771
002096
002281
688084
301325
002042
688655
003020
301578
600689
600107
001202
003004
000488
300528
600119
002599
301013
603967
300886
603038
603268
603900
688733
000951
603300
688607
300654
688047
300203
600506
600136
601801
301189
603898
003017
002505
000503
688244
600073
603839
603882
688038
300041
002959
002562
300778
300781
002682
603221
300581
301091
300475
300477
000589
300536
688499
600510
301236
832469
000032
300013
301539
600128
688696
688060
301331
000528
600712
300640
688316
603826
300267
300900
300096
000631
600415
002647
600561
600067
002541
603709
600326
600160
300237
300073
002611
301049
002526
688777
603767
301277
603225
002952
605198
688360
603226
603569
300909
002120
688573
002198
300242
300148
002095
000972
002463
605567
600761
300132
002242
600697
300931
300902
601882
002375
300160
300251
300430
301205
301027
002898
603023
001226
001313
600533
603298
600684
300050
601992
301113
600031
601588
301037
000517
002548
600557
001317
301321
605088
600622
600117
300989
300632
603477
838262
601515
000926
603260
300920
603868
600822
600159
300919
300063
605255
300284
300873
002277
300563
603128
688661
600162
300374
002905
688526
603790
834415
600112
603616
605155
300736
301024
600243
300542
300629
301171
000801
688193
688152
300496
300350
688343
301368
600724
300189
301516
002292
600293
688260
000897
000042
000100
002244
603712
300315
836247
003033
300459
002314
600173
603319
837023
870726
002981
300960
601336
688108
002570
300675
002789
301217
300662
600592
600936
300499
430090
001360
600844
600376
300364
835508
603506
002016
000099
300324
600228
002949
301248
301577
603345
600714
300418
600735
002201
300738
601799
002780
600692
688702
002827
832471
300638
002037
600421
300995
301287
002793
688596
688228
300949
001209
601636
000625
603030
001914
300703
000529
300204
688059
301058
301505
002803
000002
301039
603657
002846
301191
688217
300776
605056
603231
301488
688530
836699
600340
300117
000608
301150
833230
603663
002012
600774
300300
002100
837592
300719
002615
001338
301167
300151
301518
601137
000425
688720
300844
603261
300649
300564
300155
002285
002094
002074
002247
600657
300075
301567
300135
688519
300321
600478
600975
603721
300786
600225
300415
301555
002309
600230
300737
301212
002085
600619
002031
000839
600661
300308
000917
000028
300975
300890
600215
002330
600671
603508
600220
002621
000420
300052
002305
002141
301121
301499
300476
001215
300411
002229
002424
002404
605336
301399
600998
600665
002502
002341
000725
002288
002167
600686
300067
002251
000680
301209
300727
301318
603042
603959
002742
301061
300351
000656
000977
002761
603968
605303
301419
002808
002146
600462
002435
300108
300197
600381
000938
002750
300548
600083
603843
688631
301076
002055
603879
603963
300167
603003
600387
000525
002650
002336
600201
000070
603108
300163
002197
300571
603388
600898
600234
002325
605136
600804
301345
002528
301182
603608
002427
002610
002076
001366
002568
000851
301128
301077
000506
600281
300592
603828
300266
000609
603377
002310
300506
603125
689009
002665
600277
301151
000971
000836
002343
688559
002127
603066
300310
300647
300729
600836
600565
300133
002425
300292
002982
301157
301230
688701
600322
000953
300442
600708
600266
688191
688602
600539
301376
300484
838030
301123
301008
001228
300621
300927
301328
300107
873693
301017
300991
301110
000701
301353
301025
688287
688419
301326
300505
301588
301100
301596
300616
300029
300644
000560
605277
002968
300879
301001
002315
000590
603079
301252
002902
002188
300994
300240
600649
301004
300243
002929
301019
002713
002272
002208
600675
301016
003010
300792
300208
300913
300125
603566
300966
301237
301131
301323
603190
600383
603789
301429
301591
001300
301533
000521
300732
300295
300967
301459
000702
300464
603389
000514
301202
688629
002455
300368
301448
301381
300917
300894
301558
002323
000793
000620
300785
603863
601929
002520
000982
300254
600321
300843
300044
300287
300905
300020
300947
300641
