01152
02505
00033
00743
02262
01094
00261
01460
01693
06698
00401
00058
00982
01518
06193
01195
01050
00980
01273
00888
08509
00352
09933
00917
08237
00137
01736
02130
01285
01348
08152
08291
08092
01488
00852
00108
06119
02878
01280
01069
00650
08223
01920
01395
00241
01746
01613
02420
01463
09699
08320
08188
08187
08448
01853
02076
01722
00431
00726
00467
08296
06088
08229
02668
02389
00655
08118
01752
02481
01679
01869
01935
02326
00353
01831
08581
08087
01680
02789
00987
00860
00519
00869
01080
02119
00687
02488
08659
02030
01823
00686
00979
08082
08232
01793
00493
00276
06833
00244
08545
03303
02297
01274
01711
01737
06069
02490
02169
00894
08048
00948
00581
06682
08362
02271
00738
08047
01745
01592
09995
00451
01370
02112
00716
06158
03603
02211
01156
00154
01146
01629
02556
08418
00858
01949
01329
01710
01760
01220
08451
00918
01079
01740
00975
02306
02266
01957
01931
01970
02033
01723
06909
02012
01416
02111
00195
00316
08156
01617
08283
03838
06123
02187
00681
08200
00926
00258
00336
08168
08622
00227
00905
08657
06683
00459
01497
03668
08137
03836
01121
02450
03683
08329
03302
01117
06896
03336
02451
00486
06860
01689
00703
01938
00248
06055
01565
01580
01452
06885
02381
01115
00907
08348
01640
00712
01809
00616
02268
00586
01247
01385
08169
02863
02343
01382
00618
01068
01049
02023
01919
00482
02480
08519
02722
00438
06969
09878
01833
01519
86618
08003
03813
03382
02256
01682
00297
01986
03828
01939
00318
00830
02276
08489
00383
00105
00639
00142
02039
00197
00351
06933
08475
01545
01257
00808
00737
02455
01690
00832
02418
02409
02552
02192
08427
08179
00347
06667
01293
01159
00030
01038
02159
01372
00343
08319
00442
02588
00193
00867
02886
00338
08262
00582
02309
01896
08073
02210
00346
00166
01072
02100
02422
01897
01713
00357
01898
00727
02517
03848
08370
02778
01138
01992
08131
06908
01709
01830
00164
08063
02153
06618
00222
06128
02166
00632
06808
02171
00082
09896
02155
00789
01955
01162
08246
01780
00285
01900
00837
01612
00321
01088
02348
01913
00857
09638
08140
02738
00518
00825
01968
01795
01184
09930
08017
01822
00910
00148
02440
00522
08521
01429
01193
01093
00551
09959
09936
08210
01985
01413
02019
01726
01912
01205
00701
00159
02411
00408
08391
06999
01962
01945
01412
01010
00006
02190
00896
00348
02282
02198
01903
01033
01022
00813
01501
00897
02018
00496
01503
00658
01801
09983
01843
00309
08126
06868
06805
01825
06638
00635
03076
01523
02251
01496
01104
01070
01450
01052
00983
00391
00358
02528
00055
08536
02680
02439
02322
01766
01402
00450
02601
00337
06696
01521
00323
06078
03899
06866
01841
01673
00771
00145
01475
08472
01756
01655
01522
01469
02096
01873
01425
00611
09616
01799
01635
00881
03313
01848
01053
00730
00839
02518
00619
02600
00707
00564
02882
00889
00151
00776
02386
09979
00759
01552
01316
01059
00334
00200
03800
08627
02421
01676
01647
01177
00641
03688
02954
01621
01142
01082
08609
00662
00412
08413
06093
02265
03309
03315
02558
01371
02385
01816
03877
01378
00065
01410
00483
09866
02235
01769
00169
08316
03898
01916
00254
00242
01528
08373
01085
00814
00731
02127
01539
02031
00113
03187
01797
00039
01999
01415
02483
01417
00027
01733
08462
03658
02885
01200
08297
01171
06036
01407
07204
06185
00098
01854
01341
01283
00810
00236
03175
09686
06113
02362
02209
00590
80883
01314
00552
01060
03174
01358
00517
01271
03097
03991
02355
09669
00229
02888
09923
01265
01308
03112
02497
00533
02536
00807
02848
08107
01910
01527
08041
03931
01928
00053
00081
02196
07552
80700
00525
00042
00966
02419
01234
03337
01867
01399
00393
06830
02250
00861
01368
09989
01045
00950
00623
02378
01063
08132
01553
01161
02438
02368
00150
01728
00001
01888
00956
02423
09858
02337
06865
01808
00553
09919
00371
01268
06823
03933
00073
07232
03678
00693
00700
02540
01855
00085
00883
01950
01164
00116
02469
00381
00135
01645
01179
01586
00951
01878
08341
00458
03393
01440
01263
00029
03072
03347
01908
02804
01626
01846
01618
01929
02020
08158
00160
03660
06979
83168
00133
03369
00826
00257
02008
02849
80175
02208
03056
00392
08402
00922
01199
00882
09834
08308
00173
09696
03939
09999
06889
00175
00900
00778
00945
03004
03034
06993
09801
01599
06919
00762
03798
01729
02814
01937
06869
00152
02299
03070
00823
03150
06136
03021
03110
09898
03185
82388
03633
01800
03030
09187
00868
89988
01347
03036
00086
02191
01876
09988
09195
02218
02186
82020
02834
07266
00293
01339
09863
00144
09072
00314
08051
00363
01907
09879
03316
01401
01083
03808
03086
83081
09814
02156
09177
09040
03419
09011
06669
03119
02357
01288
03172
03006
03190
03690
00669
09091
06288
09086
02391
03087
02382
02821
00008
03074
00570
00050
09096
09074
03022
00656
03162
07261
00856
02225
00004
09922
03091
03160
06110
02325
03081
00069
00288
00939
82817
03020
02819
01114
02840
02105
00032
03069
02817
06127
82800
03433
02800
07588
83053
83199
83690
09901
02838
83059
83118
00002
82829
03040
01880
09167
09081
83069
09115
03096
81211
04701
03053
82828
03422
03153
83196
09078
03077
83192
89007
89006
89005
89004
89003
89002
89001
89000
87001
86664
86663
86662
86661
86660
86658
86656
86652
86646
86645
86644
86641
86640
86635
86634
86631
86630
86629
86624
86621
86620
86612
86611
86605
86026
86023
86022
86021
86019
86018
86009
86007
86002
85993
85989
85934
85924
85909
85905
85904
85723
85701
84515
84514
84513
84512
84511
84510
84509
84508
84507
84506
84505
84504
84503
84502
84501
84500
84499
84498
84497
84496
84495
84494
84493
84492
84491
84490
84489
84488
84487
84486
84485
84484
84483
84482
84481
84480
84479
84478
84477
84476
84475
84474
84473
84472
84471
84470
84469
84468
84467
84466
84465
84464
84463
84462
84461
84460
84459
84458
84457
84456
84455
84454
84453
84452
84451
84450
84449
84448
84447
84446
84445
84444
84443
84442
84441
84440
84439
84438
84437
84436
84435
84434
84433
84432
84431
84430
84429
84428
84427
84426
84425
84424
84423
84422
84421
84420
84419
84418
84417
84416
84415
84414
84413
84412
84411
84410
84409
84408
84407
84406
84405
84404
84403
84402
84401
83403
83167
83161
83130
83129
83125
83122
83115
83012
83010
83005
83001
82843
82813
81299
80737
80011
40979
40978
40977
40976
40975
40974
40972
40971
40970
40969
40968
40967
40966
40965
40964
40962
40961
40959
40958
40957
40956
40955
40953
40952
40951
40950
40949
40948
40947
40946
40945
40943
40942
40941
40940
40939
40938
40937
40936
40935
40934
40933
40932
40931
40930
40928
40927
40926
40924
40922
40921
40920
40919
40918
40917
40915
40914
40913
40912
40911
40910
40909
40908
40907
40906
40905
40904
40903
40902
40901
40900
40898
40897
40896
40895
40893
40892
40891
40890
40889
40888
40887
40886
40885
40884
40883
40882
40881
40879
40878
40876
40875
40874
40873
40872
40871
40870
40869
40868
40867
40865
40864
40863
40862
40861
40860
40857
40856
40855
40854
40853
40852
40851
40850
40849
40846
40844
40843
40842
40841
40840
40839
40838
40837
40835
40834
40833
40832
40831
40830
40829
40827
40825
40823
40822
40821
40820
40819
40818
40817
40816
40815
40814
40813
40812
40811
40810
40809
40807
40806
40804
40803
40802
40801
40800
40799
40798
40794
40793
40792
40791
40790
40789
40788
40787
40786
40785
40784
40783
40782
40781
40780
40779
40778
40776
40775
40774
40772
40771
40770
40769
40768
40767
40766
40765
40764
40763
40762
40761
40760
40759
40757
40756
40755
40754
40753
40752
40751
40750
40748
40747
40745
40744
40743
40742
40741
40738
40737
40736
40735
40733
40732
40731
40730
40728
40727
40726
40725
40724
40723
40722
40721
40720
40719
40718
40717
40716
40715
40712
40711
40710
40707
40706
40705
40704
40703
40702
40701
40700
40699
40698
40697
40696
40695
40694
40691
40688
40687
40686
40685
40683
40682
40681
40679
40678
40676
40675
40672
40671
40670
40667
40664
40663
40662
40661
40660
40658
40657
40656
40655
40653
40651
40649
40646
40645
40644
40642
40641
40640
40639
40635
40634
40632
40629
40628
40625
40622
40618
40614
40609
40605
40604
40603
40600
40596
40592
40590
40589
40588
40586
40585
40584
40582
40581
40580
40579
40577
40572
40563
40562
40560
40559
40551
40550
40548
40547
40546
40544
40543
40542
40541
40540
40538
40534
40531
40530
40529
40528
40527
40526
40522
40521
40520
40519
40518
40517
40516
40512
40511
40508
40504
40503
40501
40500
40499
40493
40489
40488
40487
40486
40485
40484
40483
40482
40481
40480
40479
40478
40477
40476
40475
40471
40468
40467
40465
40464
40459
40455
40454
40452
40447
40445
40444
40443
40442
40440
40438
40437
40435
40434
40433
40432
40427
40426
40425
40420
40419
40415
40414
40411
40409
40405
40404
40402
40401
40399
40396
40390
40389
40388
40387
40385
40384
40383
40382
40381
40380
40379
40378
40375
40373
40372
40370
40369
40368
40366
40365
40364
40362
40361
40360
40359
40357
40354
40353
40350
40349
40347
40343
40342
40341
40338
40335
40334
40333
40330
40329
40324
40323
40321
40320
40319
40317
40316
40315
40311
40309
40307
40304
40302
40300
40299
40298
40296
40295
40292
40290
40289
40287
40286
40284
40283
40279
40278
40277
40276
40272
40271
40270
40268
40262
40261
40260
40259
40258
40257
40256
40254
40253
40252
40248
40247
40246
40245
40242
40241
40240
40239
40238
40236
40232
40227
40226
40224
40223
40222
40221
40220
40219
40217
40213
40212
40211
40210
40209
40205
40204
40203
40202
40201
40200
40199
40198
40193
40192
40191
40188
40186
40185
40180
40179
40178
40177
40176
40175
40174
40173
40170
40168
40167
40166
40162
40161
40160
40159
40158
40157
40156
40155
40154
40152
40151
40150
40149
40148
40146
40145
40142
40141
40138
40130
40123
40120
40118
40117
40115
40114
40113
40112
40110
40109
40107
40106
40105
40104
40103
40102
40101
40097
40095
40094
40092
40091
40089
40083
40079
40076
40075
40074
40069
40068
40065
40062
40060
40059
40057
40056
40055
40054
40052
40050
40049
40048
40046
40044
40043
40042
40040
40037
40035
40033
40030
40017
40016
40015
40007
40001
40000
09998
09996
09986
09982
09978
09977
09968
09960
09938
09929
09913
09909
09908
09906
09900
09829
09817
09813
09812
09804
09803
09689
09668
09636
09608
09403
09196
09181
09156
09141
09125
09088
09077
09075
09069
09022
08646
08631
08621
08620
08619
08616
08611
08607
08601
08580
08547
08535
08532
08529
08525
08523
08511
08510
08507
08502
08501
08496
08495
08491
08483
08482
08481
08476
08471
08460
08456
08455
08452
08450
08447
08445
08439
08436
08432
08426
08425
08420
08419
08411
08405
08403
08401
08400
08392
08385
08383
08377
08375
08372
08371
08365
08357
08356
08353
08347
08337
08333
08331
08325
08321
08317
08315
08313
08311
08310
08309
08307
08305
08304
08303
08302
08300
08295
08293
08290
08285
08281
08280
08271
08270
08269
08268
08257
08249
08247
08241
08239
08226
08225
08222
08221
08220
08219
08218
08217
08215
08211
08208
08206
08205
08203
08201
08198
08191
08189
08181
08176
08173
08172
08170
08167
08166
08163
08162
08161
08159
08149
08146
08143
08139
08136
08133
08130
08128
08123
08121
08120
08117
08115
08113
08111
08106
08103
08100
08096
08093
08091
08083
08081
08079
08071
08070
08069
08067
08066
08065
08062
08060
08059
08057
08053
08052
08050
08049
08045
08043
08040
08039
08036
08035
08033
08030
08029
08027
08023
08021
08020
08019
08013
08006
08005
07374
07373
07362
07348
07345
07336
07333
07331
07322
07300
07252
07248
07231
07230
07200
06996
06966
06958
06955
06939
06928
06918
06913
06900
06899
06893
06890
06888
06882
06880
06878
06877
06858
06838
06836
06829
06820
06816
06812
06772
06771
06770
06769
06768
06767
06766
06765
06764
06763
06762
06761
06760
06758
06757
06756
06754
06753
06751
06689
06686
06663
06661
06628
06611
06609
06606
06601
06199
06196
06190
06188
06163
06133
06122
06117
06116
06111
06083
06080
06058
06038
06029
06028
06027
06025
06024
06023
06022
06021
06020
06008
06007
06004
06003
06000
05997
05991
05989
05986
05983
05982
05981
05980
05978
05977
05976
05973
05971
05970
05969
05963
05962
05961
05958
05955
05949
05944
05942
05940
05939
05938
05934
05932
05930
05928
05921
05919
05918
05915
05911
05910
05908
05903
05897
05896
05895
05894
05893
05892
05891
05890
05887
05886
05884
05882
05881
05879
05878
05876
05875
05874
05873
05872
05871
05870
05869
05868
05867
05866
05864
05863
05862
05861
05860
05859
05858
05857
05856
05855
05854
05852
05850
05849
05848
05847
05846
05845
05844
05842
05839
05838
05837
05836
05835
05833
05832
05829
05828
05827
05826
05825
05824
05823
05822
05821
05820
05819
05818
05817
05816
05815
05814
05813
05812
05808
05807
05806
05805
05804
05803
05801
05800
05799
05797
05796
05795
05794
05793
05792
05791
05790
05789
05787
05786
05784
05783
05782
05781
05780
05779
05778
05777
05774
05772
05769
05768
05767
05766
05765
05763
05761
05760
05759
05756
05754
05752
05750
05747
05745
05743
05741
05740
05739
05735
05734
05733
05732
05729
05728
05727
05726
05720
05718
05717
05715
05713
05710
05708
05703
05702
05699
05693
05692
05691
05690
05689
05685
05681
05680
05679
05678
05676
05675
05674
05673
05672
05670
05669
05668
05667
05666
05665
05664
05663
05662
05661
05660
05659
05656
05655
05654
05653
05652
05650
05649
05648
05647
05644
05643
05641
05640
05638
05637
05636
05635
05634
05633
05632
05631
05630
05629
05628
05627
05626
05624
05623
05621
05620
05619
05618
05617
05614
05612
05611
05610
05605
05604
05602
05598
05597
05596
05594
05593
05592
05590
05589
05588
05587
05586
05583
05581
05580
05577
05576
05574
05571
05568
05567
05566
05565
05564
05560
05559
05558
05557
05555
05554
05553
05551
05550
05549
05547
05545
05544
05543
05542
05541
05540
05539
05538
05535
05532
05531
05529
05528
05527
05526
05523
05522
05521
05520
05519
05516
05515
05514
05511
05510
05509
05508
05507
05506
05505
05502
05501
05500
05499
05485
05463
05459
05458
05456
05454
05449
05447
05444
05443
05440
05439
05436
05435
05434
05433
05430
05429
05428
05426
05425
05424
05423
05422
05420
05419
05418
05417
05415
05414
05413
05412
05409
05408
05407
05405
05402
05401
05398
05395
05393
05392
05387
05386
05384
05382
05380
05379
05378
05376
05373
05370
05368
05367
05366
05364
05363
05362
05360
05358
05357
05356
05353
05352
05346
05345
05344
05343
05339
05338
05337
05336
05335
05334
05333
05331
05330
05328
05326
05325
05322
05321
05320
05319
05318
05317
05315
05312
05311
05310
05309
05308
05306
05305
05302
05299
05296
05294
05293
05292
05291
05290
05289
05288
05287
05286
05285
05284
05280
05279
05276
05275
05274
05273
05271
05268
05266
05264
05263
05262
05261
05260
05259
05257
05253
05252
05251
05248
05247
05246
05245
05243
05241
05240
05237
05235
05234
05233
05231
05228
05227
05225
05224
05222
05221
05219
05216
05215
05211
05210
05209
05207
05205
05202
05200
05195
05191
05190
05184
05183
05167
05162
05161
05160
05154
05148
05144
05142
05141
05135
05124
05123
05121
05120
05118
05117
05116
05113
05111
05110
05109
05108
05106
05103
05102
05099
05098
05095
05094
05093
05086
05085
05084
05082
05081
05076
05075
05074
05072
05071
05070
05068
05066
05064
05062
05061
05060
05059
05057
05056
05055
05054
05051
05049
05046
05045
05044
05040
05038
05035
05033
05032
05023
05022
05018
05017
05016
05015
05012
05010
05008
05006
05004
05003
05002
04621
04620
04619
04618
04598
04596
04595
04593
04591
04587
04584
04583
04582
04581
04580
04579
04578
04577
04576
04575
04573
04572
04571
04569
04568
04567
04566
04565
04564
04563
04562
04561
04560
04559
04558
04557
04556
04555
04554
04553
04552
04551
04550
04549
04548
04547
04546
04545
04544
04543
04542
04541
04540
04538
04537
04536
04535
04534
04533
04532
04531
04530
04529
04528
04526
04525
04524
04523
04522
04521
04520
04519
04518
04517
04516
04515
04514
04513
04512
04510
04509
04508
04507
04506
04505
04504
04503
04502
04501
04500
04498
04497
04496
04495
04493
04492
04488
04487
04486
04485
04484
04482
04478
04476
04472
04471
04469
04467
04466
04464
04463
04459
04458
04457
04456
04454
04452
04451
04450
04448
04447
04446
04444
04442
04441
04439
04438
04437
04432
04431
04429
04428
04427
04426
04425
04424
04423
04422
04419
04418
04416
04415
04413
04412
04411
04410
04408
04407
04406
04404
04403
04401
04396
04329
04328
04327
04326
04325
04324
04323
04322
04321
04320
04319
04318
04317
04316
04315
04314
04313
04310
04309
04308
04305
04304
04302
04301
04300
04279
04278
04277
04276
04275
04274
04272
04271
04270
04269
04268
04267
04264
04263
04262
04261
04260
04259
04258
04255
04253
04252
04250
04249
04248
04246
04244
04243
04242
04241
04237
04236
04235
04233
04232
04230
04227
04221
04199
04193
04099
04098
04096
04095
04094
04093
04092
04091
04057
04054
04051
04048
04042
04036
04030
04024
04018
04012
04006
03999
03997
03989
03978
03963
03938
03928
03886
03869
03860
03830
03822
03818
03816
03778
03728
03718
03709
03698
03689
03686
03666
03639
03628
03626
03618
03616
03611
03601
03588
03416
03398
03395
03390
03380
03368
03363
03348
03339
03333
03332
03331
03329
03328
03326
03322
03311
03199
03196
03194
03192
03181
03167
03165
03161
03156
03145
03141
03139
03137
03129
03128
03124
03118
03116
03075
03059
03051
03041
03029
03024
03015
03012
03011
03007
02953
02949
02948
02944
02906
02892
02880
02858
02843
02835
02832
02830
02829
02825
02813
02801
02779
02768
02728
02727
02708
02700
02699
02696
02683
02663
02638
02633
02628
02599
02598
02568
02527
02521
02516
02500
02496
02482
02443
02427
02402
02399
02393
02388
02377
02372
02371
02370
02369
02363
02360
02358
02352
02341
02340
02336
02328
02327
02323
02321
02320
02318
02317
02307
02295
02292
02289
02288
02286
02270
02260
02258
02239
02233
02231
02230
02227
02223
02222
02216
02205
02193
02189
02182
02181
02177
02175
02168
02163
02160
02152
02149
02146
02139
02136
02135
02132
02131
02129
02128
02120
02117
02116
02115
02113
02108
02102
02088
02086
02080
02078
02060
02038
02028
02025
02022
02017
02011
02009
02007
02000
01997
01993
01991
01987
01983
01979
01975
01971
01965
01960
01959
01958
01952
01948
01941
01933
01932
01930
01925
01922
01918
01917
01915
01911
01902
01899
01895
01891
01884
01883
01881
01871
01866
01863
01859
01856
01851
01847
01842
01839
01837
01835
01832
01827
01826
01820
01817
01811
01803
01790
01786
01776
01775
01771
01762
01761
01759
01758
01757
01755
01753
01751
01750
01749
01748
01747
01738
01730
01721
01717
01716
01712
01708
01707
01706
01705
01703
01702
01701
01699
01697
01695
01687
01683
01669
01667
01662
01656
01653
01652
01650
01637
01636
01633
01632
01627
01623
01622
01620
01616
01615
01608
01601
01597
01593
01591
01588
01585
01583
01582
01581
01578
01577
01575
01572
01570
01569
01561
01559
01556
01555
01551
01547
01546
01543
01542
01540
01538
01532
01526
01525
01520
01495
01489
01486
01485
01481
01470
01466
01459
01451
01447
01439
01433
01432
01431
01428
01426
01419
01418
01408
01406
01389
01388
01387
01383
01380
01379
01375
01361
01360
01359
01351
01349
01340
01338
01332
01328
01327
01326
01323
01321
01315
01305
01301
01300
01298
01292
01281
01278
01272
01269
01266
01262
01260
01259
01255
01253
01252
01250
01245
01243
01241
01239
01237
01231
01228
01225
01224
01222
01221
01218
01217
01216
01215
01213
01210
01207
01206
01203
01202
01189
01185
01180
01173
01170
01163
01160
01153
01150
01145
01143
01141
01140
01134
01130
01129
01127
01126
01125
01122
01118
01116
01112
01111
01108
01107
01105
01100
01090
01087
01076
01075
01065
01064
01062
01061
01051
01047
01036
01034
01030
01029
01028
01023
01020
01018
01017
01016
01015
01009
01008
01005
01004
01001
01000
00998
00997
00994
00986
00984
00978
00976
00974
00973
00970
00969
00954
00952
00943
00938
00936
00929
00927
00925
00923
00919
00915
00912
00909
00906
00901
00898
00880
00876
00874
00865
00864
00859
00854
00851
00845
00844
00840
00834
00833
00828
00820
00818
00812
00809
00804
00802
00800
00798
00797
00794
00775
00770
00765
00764
00760
00755
00745
00736
00725
00724
00723
00722
00721
00720
00718
00715
00713
00711
00710
00695
00690
00685
00679
00677
00675
00674
00668
00663
00661
00660
00657
00648
00646
00645
00643
00640
00638
00637
00630
00629
00628
00627
00626
00622
00621
00620
00613
00609
00608
00605
00602
00601
00600
00599
00593
00589
00585
00583
00575
00573
00567
00563
00560
00559
00557
00556
00550
00547
00544
00540
00536
00535
00529
00528
00527
00524
00521
00515
00513
00510
00505
00497
00495
00485
00484
00480
00475
00468
00464
00455
00444
00436
00435
00433
00432
00430
00426
00423
00422
00420
00418
00417
00413
00406
00399
00398
00396
00387
00386
00385
00377
00376
00375
00374
00373
00370
00368
00366
00339
00335
00333
00332
00320
00311
00310
00308
00306
00305
00302
00299
00296
00295
00294
00292
00289
00287
00280
00277
00269
00267
00264
00262
00260
00256
00255
00253
00252
00245
00240
00237
00235
00234
00230
00226
00225
00224
00223
00219
00218
00215
00214
00213
00212
00207
00205
00202
00201
00199
00191
00188
00186
00185
00181
00178
00176
00174
00167
00163
00162
00158
00157
00156
00149
00146
00139
00131
00130
00129
00126
00125
00124
00123
00122
00117
00114
00110
00106
00104
00103
00102
00099
00096
00095
00091
00090
00088
00080
00079
00078
00077
00075
00072
00071
00062
00061
00059
00057
00048
00041
00037
00035
00025
00021
00018
00010
00009
00007
00005
03071
03152
09107
03122
03115
03125
83088
04273
07299
03037
02803
03108
09010
83108
02809
82832
07500
03132
02828
02841
09191
03155
09809
03182
06600
00247
03010
09810
00177
02459
03195
06826
09173
00425
09997
03191
82318
00016
01128
02820
02359
09688
03109
02810
03039
82811
00327
01299
01109
00719
09820
00011
01196
02812
00576
09899
09067
01211
03888
00012
01858
03058
03403
83128
01969
80941
03184
00019
00728
02331
03173
82331
00934
00548
09658
01381
09888
03988
83151
00315
06626
00259
01596
02811
02837
00189
03067
06922
01571
01055
03171
00045
02822
00506
02899
82823
00751
06978
00694
00034
00914
83038
03117
00026
01692
89618
01044
07288
03088
03033
00772
03001
00816
00968
06818
02499
03983
03993
08080
00111
00916
01765
02815
03038
09001
82846
09618
00440
01398
00118
89888
09969
02618
03151
06099
00165
03134
00390
03318
01148
00598
03136
03918
00941
02846
81024
07568
01515
00014
02826
00179
00052
80016
02298
01516
00579
07332
02836
00520
06690
01861
01696
00028
83111
02110
02148
03366
83031
07522
01473
01024
83188
06990
00365
80388
06821
09846
01966
01685
01113
00500
82830
00902
09633
09031
00107
02555
03405
01477
01302
00991
06160
00341
08328
01240
02806
01927
03031
01638
09868
03189
01772
06098
00636
08125
82333
00878
06862
06639
01860
00168
82839
06806
01658
03320
01598
00183
09885
01857
09826
06622
06182
00360
02142
06660
00666
00051
01821
00064
02611
01229
03130
03759
00220
02823
01336
06060
00659
01686
01208
00697
01186
01330
09839
06633
00842
09806
00672
00489
02839
02361
03158
03188
00023
06837
00087
01373
03032
01098
03003
01787
06911
08473
02380
00322
00382
02099
00013
07226
09961
09939
02798
83060
00777
08668
03399
02001
00138
01675
00301
02057
02005
02827
02515
01071
01628
00127
00194
03868
03060
00959
01973
03111
00331
83147
09836
01606
00875
01785
00206
01456
01500
00538
03323
00604
00303
00995
02279
02238
03788
01513
06623
01963
02689
02180
02688
03958
02866
01782
00084
00631
00388
03737
01277
09060
03042
09690
03968
01119
01448
00003
00471
00405
00268
00136
02333
01548
03669
00476
09869
06186
02283
01812
03306
02015
01124
08350
01980
01906
01183
00841
00419
00362
01209
02101
01870
03908
02602
01499
02269
06169
01549
03998
09966
02161
01798
09698
09666
01458
01346
00788
82822
00270
00587
02338
08422
08195
00532
03301
08368
08250
06855
02669
01530
00542
00836
03996
00683
00607
06030
06881
03839
06963
01258
06822
01270
00913
00887
00472
02356
00354
02845
03699
02376
01166
09987
02150
06680
03319
00243
00819
02051
01073
02319
03193
09626
09845
06811
02314
00752
00684
00210
00811
09857
03330
02373
00855
06989
02442
02207
01978
01868
00591
09985
00017
00596
03005
00981
06118
00272
80291
02302
06066
00667
00410
09886
09956
08500
00827
00546
00389
00038
08540
00746
03360
02623
02503
09439
01600
09042
00119
00291
03396
02255
02003
01238
01181
01123
01763
02016
09807
00763
02799
01988
01313
00933
03606
02236
00092
01498
03300
01362
00089
02313
00046
02489
01836
00947
00128
03050
02280
01057
06699
03066
08018
02107
08480
02520
02273
83042
02660
07505
01099
00330
01818
03623
01665
00769
03147
03135
01168
08037
02436
00831
00290
09600
09151
08490
00345
02509
06178
01147
08512
02415
09008
06068
03893
01610
00612
02158
02883
08147
06610
03389
01529
01472
09677
03439
08603
02392
01901
01449
00702
00182
81810
02068
01244
03008
02281
00271
06608
03866
01672
00829
00083
83046
03009
02877
03681
00403
02342
02293
02203
01936
01894
09009
09890
01698
00512
00101
02188
80992
01541
09179
03613
01810
09046
06189
08363
01788
00990
00439
02807
07233
00066
08423
08026
01086
00093
01558
01508
01102
00846
00592
00232
06198
02145
02429
01201
00411
00384
01651
03047
01576
00460
00960
08487
02291
03179
00568
01972
03046
03692
09992
09860
00372
00286
00369
01773
00670
02607
01815
01461
00022
09047
00992
03900
01393
01286
00603
01742
00508
00511
00780
02678
02245
03068
08275
06677
00531
00040
02666
01981
01478
02165
06063
02383
02237
08526
06988
02457
01376
00574
01921
01882
01476
00558
02682
00754
01046
00428
09955
02195
06886
08042
02367
09880
00196
02252
06100
00187
09676
00217
00317
06655
02458
01657
01579
02126
06998
02147
01789
03913
00895
00732
00696
03650
08431
02511
01455
07234
00921
00753
00698
00367
01446
01783
02232
08416
03833
02170
06049
02098
00884
00953
01120
06828
02197
00361
00216
02416
00688
01568
01133
03990
09991
02002
08379
08635
01223
01905
03896
01947
01084
00799
00676
00580
02121
06138
01849
00595
00543
00400
02167
00757
02162
00928
00838
01666
02215
01951
02219
09916
08028
01792
00704
00588
00239
06668
01732
01312
01137
00750
01660
03738
03969
08238
02502
02501
02448
01865
01172
00488
00228
02407
08007
03321
02122
01731
00821
01877
02777
00434
02339
01802
01132
00498
00211
03903
00606
01405
01204
02157
00298
01566
01251
08428
09889
03662
01397
09990
02125
00456
09926
09918
02137
01226
02951
01681
02487
01967
01232
00806
06616
03700
01663
01502
01778
08245
01167
00682
00031
02535
02349
02217
00866
01427
09911
02172
01357
08623
08446
08095
01739
01727
00571
00329
01890
01875
00993
00822
00060
00036
01735
01343
09877
02390
09663
02315
02257
08282
00279
03600
00931
01310
02869
01611
01490
83189
08326
03708
02176
01668
00689
02529
02138
01995
06839
01942
01889
01777
01480
01037
02013
02400
02202
08412
00499
00326
08196
02310
01943
01691
01188
00817
00265
00094
00184
00717
08527
00120
08516
02453
08612
02285
00673
01157
00863
06033
01953
00709
08349
06929
01011
00767
00204
03768
01845
01468
03377
01396
00487
00312
00380
08367
02199
03383
01233
01165
00266
00020
00465
08193
00379
00355
08360
00871
06968
00853
01289
06162
00924
06959
02477
01317
00691
08645
08112
08429
00873
80020
03789
02178
01977
01563
01110
01007
02066
01066
01319
08279
01715
00491
08160
08056
01961
01290
00340
02433
00653
02263
00756
01003
02498
08286
08186
02246
01940
01097
02486
02179
08582
06108
01483
08606
01101
00356
01813
02226
01176
02616
02350
01725
01661
00572
08613
00397
01671
08227
02425
01420
02212
08213
00899
00115
02221
01284
01027
06666
01560
01767
01025
01058
01013
00474
02330
09928
03680
00526
00147
01741
02950
00848
02405
02312
01026
01719
01720
01421
03883
01345
09958
08277
01443
00610
00070
01796
08340
03878
01182
01400
00893
01718
08076
03882
00932
02473
03638
09993
01198
01282
01355
01091
02772
01909
01643
01982
00076
08366
08072
00180
02185
08267
02329
08031
01631
00862
08493
03919
02347
00313
08406
01002
08395
00251
01630
08437
01235
01335
01039
00768
08299
00274
00747
00565
01996
08001
00097
00063
08430
03889
01442
09963
06898
03773
01536
08417
08178
08292
00733
02898
02048
00554
00989
01303
01587
00171
02608
00132
00815
08098
00617
00784
01557
08513
00509
08148
02324
00708
00328
01862
01246
01850